00000000000000000000000000000000
00000000000000000000000000000000
00100000000011101111111111111111 
00100000000000100000000011111111 
00100000000011010000000000000100 
00000000000000000000000000000000
00000000000000000000000000000000
00000000000000000000000000000000
00000000000000000000000000000000
00000001101000100001100000100000 
00000000000000000000000000000000
00000000000000000000000000000000
00000000000000000000000000000000
00000000000000000000000000000000
00000001101000110010000000100100 
00000000000000000000000000000000
00000000000000000000000000000000
00000000000000000000000000000000
00000000000000000000000000000000
00110000011001011111111111111111 
00000000000000000000000000000000
00000000000000000000000000000000
00000000000000000000000000000000
00000000000000000000000000000000
10101101101001010000000000010000 
00000000000000000000000000000000
00000000000000000000000000000000
00000000000000000000000000000000
00000000000000000000000000000000
10001101101001100000000000010000 
00000000010011100111100000100000
00000000000000000000000000000000
00000000000000000000000000000000
00000000100011010011100000100111
00000000101000100100000000100101
00110100110010010000111100001111
00000000010011010101000000101010
00000000000000000000000000000000
00000000000000000000000000000000
00000000000000000000000000000000
00101000101010110000000000001100
10100100001011110000000000000100 
00000000000000000000000000000000
00000000000000000000000000000000
00000000000000000000000000000000
00000000000000000000000000000000
10001100001100000000000000000100
00000000101010010110000000100010 
00100000000000100000000011011100
00000000000000000000000000000000
00000000000000000000000000000000
00000000000000000000000000000000
00000000010000010001100000011000
00000000000000000000000000000000
00000000000000000000000000000000
00001000000000000000000000000010 

